"Slice" "" "" "" "" "" "" "" "" "" "" "" "" "" "" ""
"1" 1 0.007 0.617 0.459 0.355 0.771 0.943 0.321 0.675 0.161 0.077 0.247 0.711 0.305 0.653 0.113
"2" 1 0.037 0.417 0.669 0.895 0.193 0.021 0.281 0.657 0.157 0.863 0.573 0.385 0.651 0.063 0.423
"3" 1 0.057 0.469 0.615 0.905 0.223 0.551 0.089 0.433 0.771 0.243 0.957 0.505 0.041 0.355 0.569
"4" 1 0.061 0.385 0.517 0.931 0.577 0.315 0.245 0.935 0.903 0.453 0.401 0.107 0.717 0.927 0.465
"5" 1 0.085 0.857 0.883 0.039 0.803 0.735 0.493 0.339 0.601 0.703 0.629 0.203 0.459 0.037 0.673
"6" 1 0.117 0.111 0.545 0.045 0.145 0.531 0.757 0.415 0.085 0.797 0.221 0.531 0.839 0.115 0.483
"7" 1 0.121 0.071 0.351 0.233 0.363 0.779 0.827 0.911 0.439 0.111 0.933 0.627 0.721 0.603 0.769
"8" 1 0.145 0.299 0.859 0.747 0.079 0.441 0.805 0.555 0.573 0.385 0.211 0.995 0.381 0.411 0.959
"9" 1 0.165 0.173 0.727 0.203 0.543 0.391 0.123 0.575 0.311 0.931 0.845 0.663 0.873 0.881 0.815
"10" 1 0.187 0.783 0.567 0.251 0.991 0.257 0.505 0.967 0.813 0.213 0.593 0.945 0.407 0.675 0.861
"11" 1 0.203 0.375 0.283 0.003 0.281 0.223 0.231 0.211 0.841 0.089 0.495 0.267 0.841 0.273 0.285
"12" 1 0.231 0.627 0.075 0.763 0.793 0.495 0.163 0.467 0.049 0.523 0.115 0.227 0.635 0.445 0.913
"13" 1 0.257 0.057 0.971 0.561 0.429 0.641 0.671 0.767 0.863 0.039 0.299 0.439 0.495 0.241 0.033
"14" 1 0.277 0.655 0.083 0.983 0.913 0.415 0.587 0.831 0.695 0.563 0.815 0.373 0.371 0.081 0.175
"15" 1 0.295 0.779 0.055 0.333 0.323 0.289 0.849 0.607 0.019 0.479 0.961 0.327 0.253 0.795 0.195
"16" 1 0.303 0.501 0.385 0.395 0.035 0.859 0.867 0.959 0.789 0.955 0.397 0.283 0.261 0.511 0.303
"17" 1 0.329 0.497 0.329 0.085 0.521 0.373 0.341 0.529 0.965 0.623 0.675 0.037 0.081 0.973 0.787
"18" 1 0.343 0.599 0.371 0.135 0.857 0.101 0.719 0.057 0.741 0.827 0.043 0.585 0.541 0.469 0.833
"19" 1 0.373 0.531 0.837 0.419 0.389 0.869 0.885 0.095 0.291 0.883 0.875 0.753 0.141 0.499 0.131
"20" 1 0.391 0.975 0.021 0.521 0.049 0.353 0.375 0.519 0.641 0.817 0.007 0.853 0.473 0.305 0.389
"21" 1 0.413 0.305 0.653 0.945 0.973 0.783 0.119 0.117 0.443 0.285 0.749 0.905 0.747 0.631 0.519
"22" 1 0.435 0.021 0.469 0.067 0.311 0.745 0.189 0.011 0.721 0.553 0.479 0.937 0.221 0.709 0.643
"23" 1 0.449 0.557 0.597 0.119 0.095 0.995 0.791 0.145 0.667 0.185 0.131 0.197 0.605 0.769 0.707
"24" 1 0.475 0.325 0.145 0.833 0.627 0.595 0.991 0.843 0.381 0.353 0.551 0.551 0.993 0.865 0.009
"25" 1 0.497 0.815 0.877 0.311 0.889 0.261 0.933 0.281 0.255 0.043 0.715 0.793 0.539 0.297 0.341
"26" 1 0.501 0.273 0.637 0.785 0.175 0.077 0.645 0.133 0.125 0.267 0.195 0.131 0.599 0.959 0.367
"27" 1 0.539 0.663 0.113 0.503 0.461 0.435 0.611 0.491 0.275 0.613 0.995 0.967 0.951 0.203 0.981
"28" 1 0.541 0.683 0.221 0.975 0.665 0.097 0.301 0.067 0.487 0.995 0.691 0.865 0.295 0.579 0.243
"29" 1 0.561 0.191 0.697 0.859 0.641 0.889 0.209 0.599 0.103 0.729 0.889 0.003 0.507 0.531 0.271
"30" 1 0.587 0.565 0.175 0.273 0.747 0.971 0.267 0.717 0.831 0.325 0.273 0.883 0.881 0.055 0.551
"31" 1 0.605 0.869 0.763 0.681 0.269 0.133 0.737 0.803 0.073 0.905 0.379 0.777 0.923 0.829 0.409
"32" 1 0.625 0.227 0.435 0.735 0.705 0.827 0.945 0.353 0.929 0.973 0.355 0.813 0.349 0.011 0.603
"33" 1 0.647 0.153 0.017 0.183 0.953 0.565 0.567 0.169 0.181 0.643 0.619 0.315 0.573 0.133 0.141
"34" 1 0.665 0.921 0.409 0.591 0.415 0.193 0.975 0.799 0.417 0.307 0.083 0.067 0.339 0.175 0.525
"35" 1 0.687 0.201 0.753 0.161 0.617 0.637 0.639 0.737 0.023 0.131 0.425 0.093 0.067 0.557 0.747
"36" 1 0.713 0.825 0.709 0.863 0.013 0.177 0.383 0.397 0.893 0.151 0.511 0.821 0.795 0.189 0.441
"37" 1 0.721 0.883 0.799 0.657 0.127 0.817 0.021 0.317 0.361 0.671 0.025 0.601 0.217 0.755 0.727
"38" 1 0.757 0.001 0.265 0.621 0.241 0.001 0.919 0.379 0.475 0.415 0.537 0.723 0.033 0.393 0.219
"39" 1 0.775 0.249 0.259 0.285 0.879 0.693 0.529 0.265 0.945 0.379 0.071 0.455 0.761 0.919 0.093
"40" 1 0.785 0.747 0.957 0.473 0.695 0.679 0.451 0.443 0.329 0.777 0.161 0.409 0.963 0.147 0.041
"41" 1 0.803 0.911 0.301 0.143 0.213 0.323 0.065 0.699 0.219 0.007 0.653 0.577 0.183 0.369 0.631
"42" 1 0.823 0.081 0.809 0.455 0.839 0.201 0.043 0.861 0.509 0.597 0.311 0.699 0.167 0.437 0.325
"43" 1 0.849 0.125 0.923 0.663 0.493 0.473 0.775 0.237 0.991 0.745 0.723 0.165 0.805 0.685 0.585
"44" 1 0.861 0.981 0.497 0.489 0.119 0.923 0.403 0.623 0.633 0.483 0.903 0.357 0.675 0.981 0.229
"45" 1 0.883 0.355 0.195 0.617 0.449 0.619 0.155 0.031 0.225 0.223 0.145 0.483 0.015 0.587 0.075
"46" 1 0.901 0.941 0.521 0.807 0.925 0.717 0.559 0.981 0.705 0.847 0.333 0.641 0.437 0.841 0.687
"47" 1 0.933 0.723 0.915 0.557 0.351 0.043 0.435 0.247 0.341 0.699 0.799 0.461 0.121 0.729 0.899
"48" 1 0.949 0.433 0.203 0.431 0.587 0.141 0.473 0.745 0.553 0.177 0.827 0.059 0.915 0.801 0.843
"49" 1 0.961 0.707 0.987 0.379 0.503 0.513 0.009 0.891 0.595 0.515 0.451 0.157 0.693 0.229 0.967
"50" 1 0.987 0.459 0.129 0.703 0.721 0.901 0.689 0.199 0.527 0.421 0.775 0.245 0.113 0.323 0.929
"51" 2 0.015 0.603 0.819 0.631 0.977 0.609 0.681 0.893 0.873 0.821 0.365 0.313 0.133 0.439 0.731
"52" 2 0.025 0.025 0.389 0.673 0.361 0.333 0.419 0.249 0.405 0.281 0.613 0.247 0.243 0.015 0.101
"53" 2 0.043 0.943 0.239 0.457 0.809 0.809 0.323 0.331 0.289 0.413 0.945 0.881 0.331 0.193 0.607
"54" 2 0.077 0.937 0.163 0.139 0.267 0.845 0.703 0.441 0.313 0.531 0.039 0.329 0.229 0.821 0.357
"55" 2 0.083 0.831 0.593 0.583 0.133 0.825 0.837 0.647 0.459 0.117 0.237 0.397 0.971 0.163 0.301
"56" 2 0.105 0.897 0.493 0.781 0.215 0.203 0.973 0.663 0.465 0.957 0.837 0.511 0.463 0.327 0.703
"57" 2 0.137 0.377 0.051 0.533 0.657 0.685 0.251 0.261 0.183 0.513 0.013 0.727 0.939 0.157 0.253
"58" 2 0.141 0.445 0.769 0.201 0.855 0.055 0.489 0.351 0.069 0.147 0.577 0.141 0.537 0.505 0.851
"59" 2 0.171 0.233 0.143 0.103 0.161 0.311 0.017 0.419 0.833 0.717 0.803 0.773 0.591 0.217 0.665
"60" 2 0.183 0.301 0.015 0.873 0.417 0.767 0.643 0.909 0.211 0.633 0.729 0.425 0.055 0.849 0.573
"61" 2 0.209 0.439 0.189 0.723 0.021 0.095 0.525 0.155 0.129 0.371 0.345 0.707 0.715 0.649 0.909
"62" 2 0.223 0.623 0.747 0.001 0.321 0.489 0.367 0.951 0.009 0.477 0.249 0.851 0.211 0.311 0.529
"63" 2 0.253 0.473 0.405 0.743 0.863 0.361 0.293 0.319 0.925 0.009 0.777 0.675 0.989 0.373 0.129
"64" 2 0.265 0.577 0.603 0.651 0.837 0.941 0.343 0.013 0.653 0.963 0.057 0.815 0.361 0.731 0.489
"65" 2 0.297 0.763 0.375 0.385 0.555 0.397 0.115 0.983 0.941 0.925 0.099 0.561 0.783 0.547 0.183
"66" 2 0.307 0.539 0.789 0.159 0.359 0.181 0.573 0.291 0.851 0.123 0.883 0.797 0.069 0.575 0.931
"67" 2 0.331 0.277 0.511 0.415 0.585 0.759 0.589 0.795 0.101 0.843 0.625 0.181 0.837 0.025 0.961
"68" 2 0.341 0.329 0.207 0.165 0.777 0.581 0.767 0.725 0.517 0.559 0.147 0.653 0.959 0.951 0.957
"69" 2 0.365 0.193 0.821 0.283 0.001 0.985 0.315 0.055 0.223 0.783 0.437 0.529 0.673 0.787 0.321
"70" 2 0.395 0.343 0.333 0.235 0.753 0.643 0.801 0.385 0.733 0.917 0.693 0.019 0.277 0.907 0.061
"71" 2 0.411 0.985 0.843 0.851 0.475 0.575 0.427 0.867 0.263 0.231 0.449 0.631 0.607 0.969 0.985
"72" 2 0.421 0.877 0.039 0.277 0.605 0.277 0.233 0.175 0.563 0.767 0.863 0.127 0.847 0.771 0.813
"73" 2 0.459 0.643 0.873 0.195 0.055 0.541 0.721 0.707 0.817 0.657 0.471 0.111 0.909 0.985 0.651
"74" 2 0.471 0.207 0.107 0.911 0.227 0.347 0.959 0.773 0.895 0.389 0.595 0.957 0.577 0.387 0.417
"75" 2 0.499 0.105 0.997 0.319 0.573 0.635 0.131 0.221 0.545 0.893 0.787 0.443 0.145 0.235 0.869
"76" 2 0.509 0.093 0.675 0.073 0.453 0.031 0.745 0.527 0.963 0.733 0.185 0.499 0.109 0.263 0.383
"77" 2 0.529 0.549 0.713 0.715 0.949 0.171 0.029 0.435 0.027 0.987 0.539 0.541 0.489 0.885 0.581
"78" 2 0.543 0.139 0.885 0.465 0.911 0.461 0.927 0.961 0.369 0.263 0.267 0.903 0.397 0.741 0.269
"79" 2 0.575 0.061 0.681 0.369 0.073 0.975 0.911 0.595 0.767 0.305 0.757 0.349 0.093 0.583 0.627
"80" 2 0.591 0.143 0.921 0.923 0.243 0.417 0.095 0.611 0.099 0.167 0.707 0.745 0.685 0.663 0.173
"81" 2 0.617 0.281 0.901 0.979 0.297 0.517 0.443 0.685 0.919 0.335 0.077 0.415 0.801 0.243 0.889
"82" 2 0.639 0.977 0.633 0.889 0.187 0.671 0.387 0.631 0.689 0.679 0.655 0.993 0.009 0.627 0.287
"83" 2 0.657 0.697 0.293 0.033 0.711 0.797 0.669 0.939 0.711 0.253 0.991 0.689 0.641 0.451 0.233
"84" 2 0.677 0.507 0.527 0.439 0.881 0.737 0.177 0.039 0.997 0.067 0.489 0.035 0.423 0.487 0.699
"85" 2 0.691 0.499 0.241 0.999 0.083 0.701 0.195 0.131 0.795 0.749 0.677 0.225 0.631 0.521 0.089
"86" 2 0.719 0.841 0.461 0.579 0.115 0.907 0.547 0.187 0.167 0.087 0.853 0.079 0.757 0.477 0.777
"87" 2 0.723 0.749 0.555 0.943 0.993 0.443 0.877 0.087 0.533 0.685 0.329 0.217 0.517 0.065 0.509
"88" 2 0.741 0.797 0.721 0.487 0.319 0.061 0.265 0.577 0.749 0.047 0.171 0.361 0.285 0.931 0.205
"89" 2 0.761 0.397 0.131 0.765 0.923 0.149 0.633 0.515 0.057 0.181 0.503 0.055 0.307 0.689 0.151
"90" 2 0.797 0.813 0.949 0.541 0.489 0.895 0.507 0.807 0.325 0.351 0.309 0.089 0.161 0.053 0.421
"91" 2 0.811 0.161 0.359 0.611 0.733 0.259 0.855 0.065 0.147 0.561 0.923 0.879 0.359 0.605 0.741
"92" 2 0.825 0.419 0.089 0.691 0.397 0.239 0.153 0.753 0.383 0.493 0.127 0.835 0.187 0.091 0.055
"93" 2 0.855 0.005 0.307 0.825 0.689 0.931 0.211 0.827 0.629 0.803 0.393 0.581 0.725 0.863 0.455
"94" 2 0.871 0.597 0.973 0.801 0.507 0.533 0.981 0.493 0.247 0.595 0.963 0.297 0.555 0.711 0.035
"95" 2 0.885 0.045 0.279 0.043 0.529 0.439 0.783 0.479 0.425 0.037 0.213 0.261 0.891 0.289 0.375
"96" 2 0.911 0.675 0.655 0.357 0.795 0.283 0.053 0.365 0.583 0.433 0.285 0.975 0.871 0.139 0.789
"97" 2 0.923 0.251 0.451 0.513 0.667 0.015 0.077 0.849 0.609 0.457 0.915 0.167 0.455 0.111 0.545
"98" 2 0.941 0.901 0.427 0.099 0.149 0.113 0.617 0.217 0.493 0.619 0.559 0.477 0.763 0.341 0.017
"99" 2 0.977 0.721 0.065 0.253 0.629 0.139 0.467 0.553 0.675 0.861 0.405 0.611 0.035 0.803 0.835
"100" 2 0.997 0.701 0.579 0.335 0.427 0.875 0.891 0.113 0.347 0.215 0.105 0.933 0.405 0.415 0.477
"101" 3 0.005 0.289 0.855 0.237 0.623 0.775 0.183 0.371 0.677 0.805 0.023 0.103 0.479 0.501 0.539
"102" 3 0.031 0.867 0.059 0.973 0.053 0.301 0.459 0.705 0.233 0.321 0.337 0.465 0.255 0.561 0.377
"103" 3 0.059 0.535 0.399 0.865 0.903 0.831 0.649 0.791 0.481 0.969 0.783 0.289 0.941 0.599 0.633
"104" 3 0.067 0.087 0.829 0.927 0.827 0.017 0.491 0.487 0.905 0.405 0.549 0.651 0.413 0.403 0.609
"105" 3 0.097 0.259 0.031 0.113 0.387 0.949 0.887 0.625 0.463 0.541 0.317 0.509 0.441 0.131 0.765
"106" 3 0.103 0.213 0.289 0.185 0.941 0.687 0.223 0.421 0.801 0.125 0.855 0.485 0.031 0.391 0.555
"107" 3 0.123 0.807 0.365 0.745 0.283 0.841 0.923 0.101 0.343 0.907 0.271 0.735 0.595 0.261 0.217
"108" 3 0.151 0.995 0.559 0.595 0.421 0.365 0.085 0.563 0.755 0.727 0.701 0.973 0.789 0.461 0.875
"109" 3 0.161 0.847 0.803 0.331 0.669 0.427 0.201 0.743 0.013 0.665 0.763 0.673 0.729 0.313 0.003
"110" 3 0.195 0.567 0.897 0.811 0.745 0.645 0.971 0.477 0.295 0.141 0.107 0.307 0.073 0.525 0.399
"111" 3 0.207 0.049 0.507 0.525 0.327 0.615 0.723 0.005 0.307 0.471 0.737 0.229 0.933 0.779 0.891
"112" 3 0.229 0.913 0.187 0.263 0.515 0.233 0.593 0.677 0.825 0.291 0.661 0.321 0.885 0.911 0.091
"113" 3 0.255 0.637 0.337 0.495 0.531 0.127 0.627 0.337 0.993 0.761 0.575 0.025 0.755 0.049 0.901
"114" 3 0.273 0.493 0.267 0.301 0.195 0.877 0.127 0.945 0.699 0.713 0.399 0.849 0.097 0.835 0.565
"115" 3 0.281 0.311 0.875 0.347 0.211 0.079 0.563 0.895 0.365 0.319 0.869 0.413 0.239 0.987 0.663
"116" 3 0.305 0.743 0.755 0.081 0.817 0.781 0.863 0.311 0.257 0.565 0.407 0.939 0.515 0.949 0.743
"117" 3 0.321 0.067 0.305 0.613 0.347 0.623 0.001 0.229 0.643 0.423 0.427 0.629 0.911 0.851 0.027
"118" 3 0.355 0.401 0.231 0.629 0.253 0.087 0.471 0.129 0.953 0.933 0.179 0.609 0.175 0.895 0.457
"119" 3 0.367 0.475 0.419 0.981 0.401 0.935 0.535 0.845 0.415 0.049 0.983 0.527 0.771 0.171 0.337
"120" 3 0.397 0.511 0.919 0.793 0.117 0.381 0.841 0.979 0.847 0.795 0.293 0.565 0.719 0.257 0.193
"121" 3 0.417 0.653 0.127 0.769 0.937 0.579 0.371 0.411 0.203 0.875 0.141 0.193 0.303 0.745 0.045
"122" 3 0.439 0.545 0.463 0.469 0.155 0.535 0.901 0.143 0.635 0.085 0.809 0.985 0.043 0.681 0.247
"123" 3 0.445 0.601 0.927 0.037 0.609 0.707 0.761 0.273 0.977 0.645 0.949 0.703 0.697 0.285 0.177
"124" 3 0.469 0.197 0.659 0.501 0.233 0.175 0.677 0.343 0.387 0.989 0.935 0.163 0.135 0.195 0.263
"125" 3 0.495 0.957 0.081 0.163 0.455 0.405 0.271 0.161 0.543 0.445 0.055 0.143 0.143 0.481 0.803
"126" 3 0.507 0.589 0.699 0.913 0.467 0.557 0.103 0.181 0.165 0.257 0.589 0.243 0.293 0.083 0.979
"127" 3 0.525 0.263 0.539 0.887 0.697 0.755 0.057 0.809 0.337 0.063 0.003 0.789 0.427 0.643 0.725
"128" 3 0.559 0.169 0.109 0.559 0.965 0.903 0.809 0.693 0.891 0.375 0.689 0.909 0.621 0.809 0.691
"129" 3 0.571 0.681 0.607 0.019 0.843 0.507 0.557 0.991 0.575 0.025 0.227 0.341 0.559 0.225 0.945
"130" 3 0.599 0.923 0.565 0.399 0.887 0.189 0.697 0.915 0.701 0.587 0.519 0.829 0.013 0.117 0.305
"131" 3 0.615 0.671 0.781 0.677 0.037 0.883 0.439 0.617 0.033 0.753 0.215 0.043 0.845 0.613 0.495
"132" 3 0.637 0.157 0.257 0.213 0.981 0.583 0.255 0.835 0.867 0.945 0.621 0.393 0.613 0.017 0.343
"133" 3 0.659 0.787 0.711 0.147 0.593 0.211 0.173 0.929 0.119 0.837 0.061 0.589 0.567 0.921 0.705
"134" 3 0.667 0.969 0.589 0.437 0.263 0.025 0.989 0.219 0.503 0.273 0.485 0.445 0.659 0.791 0.993
"135" 3 0.681 0.101 0.455 0.059 0.017 0.291 0.943 0.451 0.525 0.539 0.199 0.759 0.823 0.713 0.125
"136" 3 0.703 0.767 0.947 0.125 0.491 0.727 0.503 0.077 0.055 0.393 0.971 0.099 0.383 0.673 0.461
"137" 3 0.737 0.013 0.485 0.649 0.873 0.243 0.331 0.581 0.453 0.637 0.465 0.017 0.365 0.963 0.923
"138" 3 0.755 0.393 0.765 0.079 0.091 0.159 0.295 0.525 0.427 0.501 0.457 0.947 0.193 0.027 0.845
"139" 3 0.769 0.441 0.677 0.459 0.789 0.111 0.787 0.557 0.197 0.195 0.821 0.065 0.965 0.201 0.297
"140" 3 0.783 0.331 0.079 0.849 0.735 0.041 0.157 0.645 0.159 0.209 0.885 0.897 0.491 0.427 0.513
"141" 3 0.805 0.231 0.979 0.705 0.559 0.325 0.413 0.023 0.089 0.491 0.341 0.809 0.329 0.371 0.071
"142" 3 0.827 0.889 0.639 0.835 0.701 0.801 0.601 0.053 0.785 0.343 0.377 0.685 0.981 0.723 0.237
"143" 3 0.845 0.133 0.149 0.941 0.135 0.453 0.389 0.875 0.765 0.601 0.527 0.279 0.117 0.159 0.655
"144" 3 0.873 0.351 0.201 0.725 0.565 0.979 0.347 0.287 0.277 0.855 0.917 0.863 0.347 0.357 0.157
"145" 3 0.881 0.423 0.983 0.295 0.077 0.467 0.303 0.505 0.737 0.011 0.097 0.219 0.817 0.541 0.433
"146" 3 0.913 0.363 0.173 0.241 0.301 0.263 0.035 0.243 0.121 0.897 0.641 0.427 0.879 0.337 0.599
"147" 3 0.939 0.733 0.001 0.377 0.379 0.483 0.751 0.735 0.061 0.171 0.251 0.763 0.523 0.867 0.419
"148" 3 0.955 0.833 0.737 0.569 0.179 0.983 0.705 0.393 0.931 0.681 0.603 0.365 0.213 0.441 0.823
"149" 3 0.965 0.037 0.341 0.689 0.655 0.359 0.823 0.097 0.617 0.237 0.137 0.549 0.661 0.077 0.799
"150" 3 0.999 0.703 0.437 0.417 0.761 0.661 0.067 0.775 0.599 0.113 0.755 0.139 0.263 0.633 0.115
"151" 4 0.011 0.523 0.553 0.257 0.201 0.065 0.143 0.641 0.419 0.661 0.091 0.331 0.787 0.901 0.491
"152" 4 0.027 0.983 0.891 0.511 0.191 0.571 0.539 0.877 0.899 0.313 0.561 0.195 0.251 0.629 0.657
"153" 4 0.041 0.219 0.429 0.309 0.589 0.195 0.405 0.801 0.455 0.455 0.913 0.935 0.101 0.317 0.127
"154" 4 0.073 0.075 0.801 0.393 0.995 0.861 0.483 0.601 0.331 0.521 0.389 0.407 0.279 0.955 0.871
"155" 4 0.089 0.413 0.879 0.287 0.463 0.989 0.597 0.779 0.519 0.971 0.289 0.819 0.859 0.551 0.403
"156" 4 0.115 0.239 0.445 0.929 0.713 0.683 0.811 0.173 0.477 0.349 0.999 0.151 0.311 0.325 0.781
"157" 4 0.131 0.689 0.227 0.687 0.621 0.115 0.711 0.881 0.287 0.659 0.277 0.919 0.355 0.751 0.983
"158" 4 0.155 0.755 0.397 0.773 0.177 0.961 0.215 0.235 0.579 0.005 0.239 0.827 0.449 0.375 0.801
"159" 4 0.179 0.711 0.907 0.861 0.257 0.729 0.429 0.463 0.077 0.981 0.645 0.579 0.177 0.113 0.667
"160" 4 0.199 0.309 0.645 0.977 0.767 0.123 0.913 0.531 0.433 0.857 0.453 0.367 0.137 0.797 0.119
"161" 4 0.205 0.849 0.353 0.207 0.673 0.459 0.187 0.073 0.109 0.617 0.789 0.719 0.393 0.989 0.259
"162" 4 0.227 0.339 0.629 0.261 0.935 0.387 0.565 0.151 0.951 0.497 0.073 0.491 0.749 0.141 0.085
"163" 4 0.249 0.291 0.023 0.729 0.365 0.213 0.449 0.851 0.397 0.041 0.605 0.463 0.665 0.001 0.831
"164" 4 0.263 0.395 0.123 0.479 0.819 0.847 0.039 0.283 0.781 0.927 0.627 0.661 0.553 0.295 0.907
"165" 4 0.289 0.605 0.619 0.121 0.009 0.555 0.743 0.345 0.245 0.061 0.721 0.255 0.207 0.039 0.307
"166" 4 0.319 0.949 0.217 0.435 0.139 0.705 0.279 0.975 0.589 0.431 0.667 0.771 0.869 0.213 0.067
"167" 4 0.325 0.171 0.739 0.701 0.063 0.241 0.667 0.007 0.713 0.517 0.117 0.109 0.487 0.249 0.739
"168" 4 0.345 0.821 0.969 0.901 0.865 0.299 0.349 0.489 0.535 0.115 0.811 0.263 0.681 0.763 0.057
"169" 4 0.377 0.455 0.105 0.805 0.947 0.763 0.953 0.361 0.215 0.175 0.139 0.869 0.439 0.277 0.335
"170" 4 0.381 0.359 0.191 0.011 0.835 0.275 0.983 0.923 0.495 0.577 0.823 0.209 0.883 0.417 0.371
"171" 4 0.407 0.115 0.061 0.177 0.289 0.509 0.733 0.449 0.811 0.133 0.177 0.643 0.227 0.823 0.883
"172" 4 0.427 0.587 0.011 0.181 0.051 0.829 0.655 0.301 0.823 0.885 0.359 0.301 0.905 0.595 0.273
"173" 4 0.451 0.775 0.479 0.403 0.859 0.497 0.003 0.917 0.171 0.721 0.523 0.027 0.053 0.565 0.511
"174" 4 0.463 0.435 0.159 0.883 0.553 0.751 0.129 0.333 0.923 0.543 0.059 0.057 0.287 0.899 0.473
"175" 4 0.489 0.187 0.411 0.841 0.441 0.887 0.609 0.697 0.227 0.691 0.009 0.091 0.469 0.087 0.223
"176" 4 0.519 0.891 0.925 0.441 0.643 0.785 0.897 0.127 0.379 0.809 0.241 0.123 0.159 0.737 0.613
"177" 4 0.531 0.011 0.695 0.753 0.561 0.591 0.963 0.251 0.645 0.221 0.491 0.845 0.977 0.925 0.567
"178" 4 0.557 0.817 0.537 0.361 0.435 0.433 0.859 0.405 0.041 0.205 0.183 0.239 0.925 0.679 0.011
"179" 4 0.577 0.673 0.563 0.227 0.883 0.665 0.763 0.671 0.273 0.099 0.753 0.783 0.037 0.135 0.965
"180" 4 0.589 0.903 0.505 0.091 0.499 0.007 0.241 0.389 0.843 0.197 0.959 0.603 0.803 0.353 0.635
"181" 4 0.611 0.275 0.495 0.545 0.975 0.089 0.307 0.579 0.007 0.829 0.421 0.639 0.827 0.041 0.387
"182" 4 0.627 0.573 0.243 0.787 0.031 0.539 0.059 0.713 0.093 0.763 0.979 0.171 0.707 0.471 0.749
"183" 4 0.649 0.517 0.995 0.107 0.337 0.319 0.925 0.543 0.967 0.293 0.513 0.729 0.327 0.843 0.145
"184" 4 0.669 0.555 0.379 0.635 0.157 0.913 0.631 0.755 0.195 0.275 0.879 0.989 0.363 0.977 0.587
"185" 4 0.685 0.031 0.271 0.025 0.615 0.151 0.501 0.213 0.135 0.759 0.467 0.429 0.003 0.433 0.695
"186" 4 0.715 0.257 0.795 0.837 0.723 0.479 0.463 0.783 0.871 0.417 0.937 0.977 0.765 0.075 0.425
"187" 4 0.725 0.373 0.671 0.991 0.405 0.659 0.111 0.091 0.149 0.873 0.375 0.683 0.997 0.699 0.351
"188" 4 0.751 0.097 0.315 0.577 0.757 0.163 0.543 0.999 0.987 0.143 0.305 0.347 0.401 0.493 0.181
"189" 4 0.765 0.159 0.701 0.051 0.501 0.939 0.079 0.823 0.761 0.333 0.335 0.507 0.195 0.185 0.521
"190" 4 0.793 0.127 0.779 0.157 0.085 0.329 0.873 0.731 0.309 0.599 0.887 0.525 0.731 0.385 0.859
"191" 4 0.807 0.791 0.165 0.493 0.305 0.351 0.397 0.501 0.913 0.625 0.697 0.011 0.083 0.161 0.171
"192" 4 0.833 0.871 0.743 0.537 0.693 0.947 0.695 0.585 0.747 0.255 0.585 0.077 0.957 0.239 0.709
"193" 4 0.843 0.483 0.853 0.359 0.391 0.371 0.087 0.277 0.031 0.035 0.541 0.583 0.593 0.719 0.933
"194" 4 0.863 0.961 0.587 0.061 0.273 0.627 0.339 0.197 0.681 0.909 0.219 0.741 0.611 0.449 0.953
"195" 4 0.899 0.731 0.049 0.593 0.919 0.227 0.839 0.115 0.559 0.787 0.767 0.453 0.657 0.807 0.451
"196" 4 0.909 0.047 0.087 0.339 0.355 0.617 0.291 0.425 0.345 0.377 0.849 0.285 0.511 0.871 0.029
"197" 4 0.927 0.657 0.295 0.953 0.109 0.413 0.793 0.941 0.723 0.707 0.157 0.399 0.633 0.645 0.775
"198" 4 0.951 0.639 0.835 0.661 0.797 0.805 0.179 0.029 0.673 0.469 0.709 0.893 0.061 0.601 0.541
"199" 4 0.967 0.465 0.323 0.615 0.237 0.053 0.377 0.047 0.619 0.381 0.033 0.959 0.565 0.535 0.291
"200" 4 0.991 0.933 0.955 0.645 0.523 0.033 0.229 0.637 0.623 0.943 0.411 0.547 0.525 0.513 0.211
"201" 5 0.013 0.243 0.679 0.221 0.147 0.429 0.595 0.703 0.669 0.019 0.253 0.189 0.703 0.245 0.895
"202" 5 0.021 0.383 0.095 0.751 0.015 0.723 0.109 0.195 0.353 0.781 0.275 0.335 0.197 0.377 0.561
"203" 5 0.045 0.993 0.121 0.481 0.687 0.309 0.769 0.121 0.423 0.045 0.565 0.765 0.585 0.695 0.535
"204" 5 0.071 0.003 0.185 0.279 0.971 0.585 0.845 0.363 0.565 0.193 0.423 0.053 0.505 0.539 0.365
"205" 5 0.091 0.203 0.831 0.249 0.505 0.131 0.871 0.119 0.783 0.709 0.581 0.523 0.481 0.971 0.761
"206" 5 0.107 0.553 0.481 0.387 0.101 0.633 0.621 0.275 0.411 0.435 0.969 0.087 0.955 0.463 0.063
"207" 5 0.139 0.345 0.647 0.855 0.545 0.093 0.961 0.549 0.117 0.289 0.545 0.885 0.257 0.107 0.405
"208" 5 0.147 0.485 0.807 0.969 0.897 0.379 0.325 0.315 0.539 0.677 0.797 0.421 0.897 0.003 0.617
"209" 5 0.167 0.845 0.277 0.713 0.725 0.285 0.903 0.785 0.339 0.853 0.121 0.343 0.921 0.443 0.197
"210" 5 0.191 0.367 0.045 0.187 0.061 0.005 0.523 0.897 0.729 0.507 0.487 0.489 0.321 0.611 0.203
"211" 5 0.217 0.437 0.621 0.023 0.479 0.793 0.497 0.165 0.095 0.627 0.281 0.451 0.125 0.173 0.021
"212" 5 0.233 0.719 0.991 0.823 0.303 0.757 0.309 0.043 0.371 0.461 0.001 0.665 0.867 0.275 0.439
"213" 5 0.243 0.199 0.515 0.009 0.955 0.653 0.041 0.643 0.235 0.611 0.505 0.987 0.527 0.291 0.679
"214" 5 0.279 0.669 0.151 0.571 0.575 0.255 0.091 0.949 0.557 0.227 0.149 0.701 0.995 0.669 0.825
"215" 5 0.285 0.861 0.443 0.549 0.751 0.833 0.217 0.429 0.947 0.529 0.905 0.519 0.119 0.651 0.007
"216" 5 0.311 0.063 0.367 0.671 0.287 0.603 0.665 0.355 0.973 0.935 0.065 0.737 0.919 0.497 0.485
"217" 5 0.333 0.953 0.965 0.411 0.333 0.335 0.709 0.995 0.043 0.303 0.719 0.231 0.639 0.319 0.553
"218" 5 0.349 0.313 0.029 0.463 0.651 0.547 0.577 0.921 0.845 0.965 0.303 0.075 0.353 0.351 0.951
"219" 5 0.379 0.033 0.433 0.299 0.787 0.047 0.457 0.587 0.279 0.261 0.893 0.807 0.857 0.813 0.227
"220" 5 0.385 0.561 0.729 0.871 0.871 0.179 0.197 0.387 0.457 0.449 0.027 0.755 0.445 0.943 0.081
"221" 5 0.403 0.405 0.223 0.585 0.481 0.933 0.735 0.687 0.199 0.815 0.805 0.979 0.023 0.181 0.791
"222" 5 0.431 0.237 0.577 0.733 0.393 0.393 0.415 0.089 0.039 0.495 0.997 0.269 0.045 0.923 0.447
"223" 5 0.457 0.729 0.525 0.527 0.081 0.803 0.881 0.777 0.715 0.093 0.081 0.861 0.149 0.331 0.329
"224" 5 0.477 0.757 0.613 0.907 0.255 0.273 0.275 0.723 0.807 0.991 0.851 0.029 0.617 0.749 0.719
"225" 5 0.481 0.177 0.845 0.351 0.357 0.897 0.149 0.811 0.927 0.207 0.419 0.855 0.743 0.831 0.265
"226" 5 0.503 0.963 0.899 0.603 0.591 0.155 0.687 0.231 0.881 0.327 0.673 0.115 0.089 0.209 0.683
"227" 5 0.537 0.885 0.395 0.131 0.805 0.205 0.651 0.141 0.143 0.899 0.769 0.605 0.561 0.071 0.745
"228" 5 0.555 0.581 0.215 0.089 0.445 0.959 0.169 0.215 0.469 0.137 0.747 0.379 0.225 0.735 0.987
"229" 5 0.567 0.693 0.013 0.693 0.927 0.873 0.541 0.919 0.283 0.161 0.383 0.257 0.079 0.401 0.517
"230" 5 0.597 0.461 0.171 0.893 0.423 0.067 0.351 0.253 0.605 0.031 0.113 0.213 0.215 0.639 0.855
"231" 5 0.609 0.145 0.741 0.791 0.197 0.023 0.061 0.461 0.513 0.835 0.469 0.907 0.399 0.509 0.873
"232" 5 0.631 0.525 0.549 0.815 0.909 0.853 0.833 0.033 0.821 0.369 0.233 0.825 0.425 0.591 0.975
"233" 5 0.645 0.651 0.905 0.049 0.833 0.675 0.287 0.061 0.649 0.567 0.601 0.293 0.979 0.785 0.475
"234" 5 0.675 0.917 0.299 0.775 0.023 0.237 0.037 0.481 0.133 0.399 0.727 0.785 0.723 0.553 0.153
"235" 5 0.683 0.269 0.793 0.443 0.851 0.993 0.993 0.971 0.627 0.591 0.339 0.419 0.773 0.231 0.317
"236" 5 0.707 0.795 0.771 0.637 0.225 0.511 0.421 0.293 0.861 0.149 0.929 0.925 0.677 0.875 0.905
"237" 5 0.733 0.503 0.939 0.329 0.207 0.465 0.135 0.865 0.697 0.765 0.839 0.567 0.317 0.043 0.167
"238" 5 0.747 0.447 0.703 0.993 0.769 0.451 0.935 0.669 0.499 0.109 0.683 0.169 0.653 0.997 0.647
"239" 5 0.773 0.609 0.111 0.075 0.057 0.499 0.379 0.571 0.173 0.359 0.163 0.635 0.695 0.031 0.811
"240" 5 0.795 0.625 0.077 0.153 0.631 0.117 0.013 0.335 0.319 0.867 0.525 0.309 0.265 0.705 0.059
"241" 5 0.813 0.287 0.339 0.371 0.411 0.343 0.749 0.003 0.909 0.069 0.635 0.559 0.471 0.095 0.103
"242" 5 0.821 0.059 0.583 0.937 0.123 0.765 0.817 0.407 0.015 0.695 0.647 0.479 0.793 0.381 0.723
"243" 5 0.857 0.123 0.943 0.421 0.373 0.187 0.465 0.615 0.075 0.557 0.049 0.121 0.409 0.431 0.249
"244" 5 0.865 0.095 0.475 0.105 0.707 0.695 0.519 0.821 0.253 0.949 0.951 0.155 0.543 0.773 0.621
"245" 5 0.891 0.119 0.407 0.653 0.279 0.911 0.221 0.537 0.743 0.247 0.445 0.005 0.835 0.153 0.295
"246" 5 0.903 0.771 0.313 0.509 0.539 0.965 0.605 0.503 0.201 0.911 0.363 0.955 0.813 0.857 0.347
"247" 5 0.925 0.927 0.687 0.171 0.985 0.523 0.799 0.627 0.393 0.409 0.353 0.395 0.179 0.903 0.121
"248" 5 0.943 0.335 0.867 0.317 0.601 0.711 0.399 0.841 0.593 0.641 0.209 0.649 0.017 0.883 0.935
"249" 5 0.973 0.809 0.349 0.947 0.671 0.563 0.243 0.459 0.983 0.757 0.193 0.595 0.299 0.123 0.385
"250" 5 0.985 0.829 0.245 0.209 0.169 0.409 0.957 0.747 0.773 0.725 0.877 0.687 0.375 0.569 0.595
"251" 6 0.003 0.571 0.625 0.005 0.131 0.245 0.455 0.045 0.355 0.719 0.535 0.647 0.301 0.315 0.865
"252" 6 0.033 0.965 0.561 0.897 0.183 0.515 0.517 0.257 0.731 0.845 0.483 0.435 0.779 0.961 0.283
"253" 6 0.053 0.107 0.211 0.425 0.465 0.345 0.575 0.183 0.363 0.083 0.223 0.983 0.417 0.761 0.165
"254" 6 0.069 0.195 0.751 0.515 0.375 0.567 0.629 0.899 0.239 0.065 0.283 0.369 0.973 0.945 0.427
"255" 6 0.093 0.615 0.253 0.475 0.847 0.447 0.289 0.819 0.661 0.105 0.153 0.073 0.601 0.127 0.133
"256" 6 0.119 0.391 0.287 0.313 0.943 0.059 0.249 0.763 0.479 0.609 0.019 0.521 0.059 0.861 0.575
"257" 6 0.135 0.909 0.489 0.599 0.535 0.991 0.409 0.729 0.703 0.755 0.037 0.389 0.759 0.255 0.897
"258" 6 0.157 0.379 0.707 0.409 0.567 0.673 0.175 0.099 0.815 0.347 0.327 0.901 0.889 0.905 0.927
"259" 6 0.163 0.705 0.975 0.179 0.719 0.035 0.641 0.679 0.769 0.651 0.703 0.481 0.987 0.641 0.853
"260" 6 0.189 0.839 0.383 0.551 0.069 0.601 0.475 0.651 0.249 0.229 0.927 0.185 0.201 0.687 0.971
"261" 6 0.215 0.043 0.449 0.137 0.969 0.649 0.819 0.391 0.501 0.951 0.657 0.867 0.571 0.473 0.279
"262" 6 0.225 0.997 0.823 0.819 0.775 0.069 0.537 0.401 0.063 0.547 0.269 0.083 0.485 0.637 0.479
"263" 6 0.241 0.255 0.137 0.205 0.613 0.681 0.055 0.965 0.497 0.629 0.907 0.129 0.877 0.543 0.501
"264" 6 0.261 0.307 0.805 0.985 0.485 0.425 0.185 0.781 0.603 0.895 0.989 0.895 0.373 0.727 0.349
"265" 6 0.283 0.665 0.909 0.711 0.047 0.625 0.225 0.593 0.281 0.203 0.343 0.747 0.249 0.097 0.051
"266" 6 0.309 0.457 0.423 0.155 0.143 0.229 0.857 0.321 0.585 0.535 0.053 0.021 0.389 0.413 0.005
"267" 6 0.323 0.121 0.043 0.655 0.315 0.107 0.921 0.447 0.787 0.831 0.807 0.273 0.443 0.759 0.675
"268" 6 0.353 0.467 0.953 0.627 0.791 0.855 0.747 0.203 0.097 0.059 0.557 0.401 0.843 0.207 0.733
"269" 6 0.369 0.341 0.309 0.447 0.447 0.937 0.031 0.015 0.853 0.297 0.695 0.681 0.467 0.061 0.187
"270" 6 0.393 0.727 0.869 0.529 0.987 0.293 0.373 0.111 0.647 0.903 0.587 0.615 0.155 0.155 0.037
"271" 6 0.401 0.205 0.595 0.847 0.933 0.363 0.795 0.989 0.261 0.323 0.865 0.557 0.189 0.607 0.919
"272" 6 0.437 0.803 0.097 0.575 0.383 0.395 0.019 0.901 0.985 0.145 0.785 0.761 0.521 0.783 0.481
"273" 6 0.453 0.029 0.551 0.485 0.821 0.863 0.707 0.473 0.901 0.373 0.125 0.205 0.129 0.197 0.839
"274" 6 0.465 0.741 0.117 0.695 0.915 0.967 0.481 0.137 0.523 0.269 0.891 0.317 0.627 0.929 0.391
"275" 6 0.487 0.899 0.327 0.031 0.893 0.407 0.585 0.825 0.047 0.443 0.367 0.799 0.949 0.399 0.589
"276" 6 0.517 0.939 0.617 0.057 0.431 0.529 0.875 0.233 0.939 0.029 0.381 0.623 0.647 0.179 0.653
"277" 6 0.535 0.235 0.523 0.381 0.019 0.915 0.967 0.495 0.389 0.779 0.255 0.961 0.351 0.815 0.779
"278" 6 0.549 0.873 0.019 0.917 0.511 0.493 0.603 0.037 0.409 0.571 0.623 0.847 0.283 0.029 0.755
"279" 6 0.565 0.955 0.685 0.275 0.165 0.819 0.739 0.569 0.449 0.979 0.779 0.323 0.597 0.045 0.225
"280" 6 0.593 0.521 0.037 0.345 0.105 0.769 0.985 0.309 0.177 0.139 0.829 0.709 0.821 0.335 0.333
"281" 6 0.601 0.175 0.999 0.777 0.419 0.545 0.147 0.079 0.625 0.165 0.447 0.235 0.173 0.897 0.407
"282" 6 0.635 0.077 0.273 0.971 0.285 0.721 0.773 0.691 0.549 0.017 0.615 0.119 0.275 0.457 0.079
"283" 6 0.651 0.279 0.931 0.097 0.217 0.185 0.311 0.621 0.113 0.697 0.679 0.457 0.901 0.703 0.087
"284" 6 0.661 0.851 0.773 0.259 0.341 0.327 0.269 0.853 0.975 0.785 0.067 0.823 0.099 0.345 0.639
"285" 6 0.695 0.085 0.343 0.933 0.653 0.271 0.437 0.539 0.205 0.439 0.205 0.931 0.935 0.491 0.943
"286" 6 0.711 0.799 0.153 0.829 0.639 0.469 0.893 0.359 0.877 0.395 0.085 0.731 0.223 0.845 0.251
"287" 6 0.735 0.425 0.169 0.321 0.549 0.589 0.355 0.931 0.029 0.581 0.947 0.503 0.007 0.227 0.201
"288" 6 0.745 0.285 0.649 0.749 0.691 0.303 0.071 0.267 0.883 0.937 0.109 0.177 0.799 0.429 0.527
"289" 6 0.777 0.583 0.225 0.783 0.231 0.009 0.203 0.367 0.153 0.241 0.313 0.241 0.701 0.007 0.445
"290" 6 0.799 0.019 0.519 0.601 0.033 0.951 0.099 0.547 0.569 0.473 0.725 0.359 0.691 0.577 0.989
"291" 6 0.809 0.641 0.881 0.675 0.099 0.099 0.915 0.863 0.193 0.487 0.415 0.669 0.039 0.671 0.369
"292" 6 0.837 0.515 0.667 0.363 0.731 0.787 0.385 0.285 0.001 0.877 0.169 0.471 0.077 0.271 0.819
"293" 6 0.853 0.147 0.183 0.281 0.675 0.143 0.545 0.613 0.837 0.311 0.745 0.951 0.333 0.101 0.697
"294" 6 0.877 0.635 0.069 0.721 0.743 0.741 0.947 0.759 0.131 0.739 0.501 0.047 0.733 0.527 0.615
"295" 6 0.893 0.543 0.785 0.225 0.811 0.219 0.673 0.719 0.753 0.807 0.847 0.001 0.107 0.517 0.547
"296" 6 0.915 0.333 0.361 0.063 0.597 0.165 0.693 0.147 0.327 0.183 0.461 0.299 0.431 0.999 0.715
"297" 6 0.937 0.495 0.851 0.955 0.869 0.891 0.125 0.947 0.429 0.503 0.435 0.575 0.513 0.293 0.309
"298" 6 0.959 0.685 0.731 0.879 0.277 0.135 0.829 0.431 0.691 0.669 0.973 0.591 0.819 0.361 0.795
"299" 6 0.971 0.777 0.467 0.117 0.325 0.837 0.105 0.179 0.315 0.407 0.189 0.147 0.667 0.593 0.159
"300" 6 0.983 0.409 0.403 0.199 0.259 0.703 0.335 0.513 0.955 0.983 0.579 0.801 0.545 0.825 0.107
"301" 7 0.009 0.801 0.291 0.507 0.439 0.981 0.005 0.509 0.447 0.631 0.517 0.135 0.615 0.947 0.557
"302" 7 0.023 0.629 0.033 0.683 0.371 0.419 0.675 0.009 0.969 0.463 0.197 0.725 0.563 0.287 0.721
"303" 7 0.049 0.185 0.369 0.679 0.409 0.799 0.205 0.695 0.431 0.871 0.571 0.859 0.629 0.021 0.215
"304" 7 0.079 0.973 0.933 0.581 0.633 0.355 0.391 0.721 0.981 0.211 0.231 0.617 0.727 0.349 0.231
"305" 7 0.095 0.035 0.651 0.167 0.381 0.153 0.647 0.633 0.887 0.851 0.533 0.161 0.899 0.395 0.363
"306" 7 0.109 0.371 0.387 0.211 0.497 0.389 0.937 0.953 0.209 0.411 0.155 0.211 0.233 0.887 0.299
"307" 7 0.127 0.415 0.571 0.129 0.807 0.083 0.329 0.021 0.567 0.315 0.665 0.221 0.269 0.677 0.073
"308" 7 0.153 0.209 0.917 0.609 0.339 0.973 0.515 0.085 0.935 0.397 0.843 0.159 0.557 0.405 0.395
"309" 7 0.173 0.099 0.767 0.737 0.205 0.119 0.561 0.605 0.739 0.459 0.319 0.891 0.153 0.789 0.039
"310" 7 0.185 0.349 0.529 0.939 0.129 0.917 0.815 0.573 0.521 0.299 0.111 0.355 0.809 0.753 0.925
"311" 7 0.213 0.479 0.465 0.707 0.945 0.367 0.969 0.829 0.865 0.701 0.681 0.787 0.791 0.089 0.887
"312" 7 0.221 0.915 0.219 0.271 0.103 0.281 0.171 0.457 0.127 0.693 0.861 0.391 0.139 0.137 0.323
"313" 7 0.259 0.649 0.723 0.877 0.569 0.437 0.075 0.167 0.395 0.647 0.201 0.033 0.357 0.057 0.155
"314" 7 0.275 0.533 0.887 0.483 0.983 0.501 0.637 0.993 0.541 0.889 0.955 0.423 0.387 0.519 0.049
"315" 7 0.287 0.155 0.791 0.803 0.443 0.215 0.049 0.903 0.467 0.173 0.793 0.337 0.913 0.367 0.753
"316" 7 0.317 0.009 0.865 0.383 0.763 0.927 0.469 0.523 0.035 0.189 0.895 0.769 0.291 0.585 0.415
"317" 7 0.335 0.323 0.849 0.555 0.853 0.073 0.729 0.201 0.373 0.101 0.087 0.831 0.535 0.555 0.863
"318" 7 0.357 0.881 0.665 0.323 0.537 0.709 0.133 0.649 0.959 0.735 0.965 0.497 0.049 0.233 0.837
"319" 7 0.361 0.789 0.483 0.065 0.469 0.561 0.093 0.583 0.581 0.153 0.005 0.873 0.259 0.707 0.915
"320" 7 0.399 0.739 0.989 0.149 0.251 0.955 0.359 0.297 0.515 0.345 0.391 0.459 0.019 0.847 0.097
"321" 7 0.409 0.753 0.543 0.915 0.677 0.865 0.905 0.751 0.797 0.081 0.739 0.803 0.095 0.617 0.571
"322" 7 0.425 0.317 0.817 0.349 0.261 0.337 0.753 0.969 0.485 0.771 0.331 0.311 0.163 0.013 0.955
"323" 7 0.443 0.487 0.139 0.639 0.519 0.037 0.847 0.255 0.151 0.555 0.981 0.537 0.865 0.301 0.019
"324" 7 0.461 0.929 0.331 0.243 0.967 0.839 0.861 0.369 0.631 0.941 0.433 0.543 0.975 0.523 0.257
"325" 7 0.485 0.591 0.103 0.641 0.189 0.247 0.407 0.499 0.655 0.799 0.825 0.929 0.947 0.979 0.515
"326" 7 0.513 0.265 0.229 0.007 0.861 0.457 0.717 0.157 0.827 0.365 0.925 0.563 0.645 0.621 0.969
"327" 7 0.533 0.179 0.585 0.093 0.547 0.525 0.531 0.123 0.091 0.939 0.063 0.287 0.741 0.833 0.713
"328" 7 0.551 0.453 0.501 0.531 0.173 0.019 0.599 0.933 0.185 0.425 0.029 0.633 0.849 0.183 0.109
"329" 7 0.563 0.065 0.141 0.291 0.059 0.651 0.361 0.223 0.251 0.225 0.475 0.009 0.461 0.205 0.785
"330" 7 0.585 0.959 0.635 0.857 0.823 0.881 0.485 0.545 0.005 0.339 0.403 0.943 0.669 0.169 0.493
"331" 7 0.607 0.879 0.251 0.767 0.931 0.225 0.319 0.381 0.175 0.121 0.911 0.251 0.403 0.573 0.857
"332" 7 0.633 0.245 0.179 0.963 0.307 0.199 0.025 0.813 0.071 0.525 0.443 0.277 0.199 0.775 0.313
"333" 7 0.641 0.563 0.003 0.193 0.599 0.631 0.193 0.341 0.303 0.001 0.751 0.999 0.499 0.465 0.163
"334" 7 0.663 0.713 0.425 0.951 0.221 0.597 0.899 0.109 0.321 0.997 0.659 0.061 0.501 0.655 0.469
"335" 7 0.689 0.987 0.833 0.467 0.781 0.167 0.825 0.323 0.917 0.833 0.543 0.597 0.323 0.937 0.629
"336" 7 0.705 0.687 0.317 0.407 0.039 0.269 0.771 0.059 0.111 0.741 0.287 0.917 0.111 0.455 0.645
"337" 7 0.727 0.297 0.193 0.109 0.755 0.743 0.273 0.271 0.803 0.901 0.051 0.697 0.203 0.259 0.277
"338" 7 0.749 0.509 0.705 0.373 0.899 0.549 0.145 0.769 0.231 0.251 0.349 0.375 0.931 0.995 0.185
"339" 7 0.771 0.131 0.977 0.757 0.645 0.491 0.619 0.789 0.297 0.967 0.637 0.743 0.709 0.909 0.817
"340" 7 0.781 0.399 0.053 0.899 0.709 0.121 0.685 0.465 0.857 0.511 0.123 0.113 0.831 0.683 0.355
"341" 7 0.801 0.769 0.275 0.229 0.683 0.773 0.949 0.409 0.611 0.053 0.497 0.051 0.309 0.269 0.123
"342" 7 0.835 0.421 0.959 0.831 0.075 0.463 0.797 0.313 0.351 0.027 0.713 0.469 0.453 0.073 0.537
"343" 7 0.859 0.041 0.413 0.799 0.917 0.605 0.987 0.701 0.267 0.579 0.371 0.411 0.063 0.321 0.443
"344" 7 0.875 0.551 0.067 0.303 0.619 0.669 0.247 0.879 0.053 0.811 0.607 0.677 0.377 0.485 0.995
"345" 7 0.895 0.109 0.609 0.041 0.003 0.305 0.283 0.673 0.693 0.265 0.817 0.705 0.421 0.805 0.437
"346" 7 0.907 0.843 0.693 0.027 0.729 0.049 0.433 0.439 0.413 0.607 0.243 0.097 0.683 0.109 0.591
"347" 7 0.929 0.221 0.441 0.997 0.153 0.699 0.237 0.191 0.759 0.589 0.591 0.659 0.027 0.739 0.677
"348" 7 0.947 0.827 0.357 0.565 0.345 0.733 0.113 0.075 0.717 0.489 0.771 0.515 0.985 0.151 0.689
"349" 7 0.975 0.667 0.759 0.445 0.089 0.857 0.551 0.889 0.679 0.667 0.175 0.969 0.775 0.423 0.601
"350" 7 0.981 0.611 0.085 0.427 0.293 0.813 0.447 0.857 0.777 0.071 0.279 0.187 0.581 0.869 0.767
"351" 8 0.019 0.463 0.071 0.035 0.727 0.957 0.461 0.551 0.779 0.533 0.459 0.691 0.609 0.817 0.139
"352" 8 0.029 0.661 0.689 0.891 0.159 0.713 0.661 0.259 0.293 0.015 0.765 0.621 0.533 0.873 0.189
"353" 8 0.047 0.725 0.717 0.669 0.433 0.505 0.285 0.001 0.849 0.769 0.509 0.265 0.245 0.667 0.973
"354" 8 0.063 0.053 0.269 0.535 0.395 0.249 0.423 0.485 0.051 0.839 0.649 0.403 0.503 0.855 0.025
"355" 8 0.081 0.715 0.627 0.957 0.367 0.449 0.731 0.507 0.799 0.675 0.351 0.553 0.011 0.121 0.083
"356" 8 0.113 0.247 0.929 0.325 0.867 0.663 0.121 0.709 0.391 0.429 0.609 0.201 0.209 0.143 0.143
"357" 8 0.129 0.353 0.657 0.795 0.905 0.977 0.569 0.399 0.809 0.097 0.089 0.345 0.853 0.419 0.459
"358" 8 0.159 0.079 0.783 0.365 0.265 0.527 0.441 0.107 0.067 0.283 0.819 0.739 0.735 0.069 0.619
"359" 8 0.175 0.529 0.157 0.307 0.625 0.317 0.909 0.907 0.989 0.179 0.781 0.381 0.105 0.389 0.593
"360" 8 0.197 0.229 0.101 0.739 0.171 0.647 0.365 0.299 0.961 0.317 0.921 0.377 0.929 0.339 0.735
"361" 8 0.201 0.381 0.541 0.499 0.607 0.183 0.181 0.189 0.083 0.605 0.041 0.811 0.065 0.247 0.685
"362" 8 0.237 0.863 0.135 0.293 0.703 0.221 0.785 0.749 0.241 0.441 0.143 0.941 0.369 0.447 0.001
"363" 8 0.245 0.585 0.255 0.127 0.741 0.725 0.995 0.027 0.169 0.649 0.901 0.191 0.493 0.567 0.559
"364" 8 0.267 0.271 0.673 0.217 0.317 0.109 0.107 0.925 0.735 0.391 0.387 0.981 0.777 0.211 0.319
"365" 8 0.291 0.805 0.985 0.423 0.551 0.999 0.045 0.567 0.301 0.621 0.831 0.857 0.547 0.725 0.669
"366" 8 0.315 0.633 0.205 0.247 0.299 0.401 0.227 0.667 0.011 0.021 0.429 0.007 0.663 0.765 0.497
"367" 8 0.339 0.761 0.605 0.573 0.773 0.029 0.979 0.453 0.943 0.277 0.731 0.877 0.875 0.781 0.339
"368" 8 0.359 0.403 0.963 0.547 0.403 0.287 0.063 0.373 0.875 0.549 0.967 0.319 0.983 0.891 0.345
"369" 8 0.371 0.017 0.199 0.607 0.801 0.209 0.581 0.591 0.357 0.929 0.953 0.569 0.415 0.119 0.903
"370" 8 0.387 0.971 0.321 0.709 0.029 0.145 0.865 0.149 0.551 0.235 0.669 0.153 0.575 0.093 0.563
"371" 8 0.419 0.613 0.735 0.771 0.329 0.377 0.939 0.041 0.403 0.743 0.011 0.837 0.583 0.993 0.533
"372" 8 0.429 0.935 0.311 0.909 0.845 0.475 0.699 0.653 0.229 0.879 0.257 0.325 0.029 0.425 0.947
"373" 8 0.441 0.793 0.533 0.191 0.647 0.173 0.165 0.071 0.561 0.985 0.207 0.671 0.895 0.581 0.117
"374" 8 0.479 0.023 0.591 0.817 0.527 0.125 0.807 0.135 0.511 0.419 0.291 0.433 0.967 0.283 0.047
"375" 8 0.491 0.951 0.167 0.623 0.473 0.851 0.889 0.739 0.461 0.119 0.493 0.657 0.811 0.489 0.991
"376" 8 0.511 0.089 0.007 0.995 0.891 0.607 0.327 0.227 0.683 0.217 0.529 0.535 0.131 0.343 0.393
"377" 8 0.521 0.759 0.345 0.453 0.041 0.807 0.033 0.771 0.719 0.475 0.129 0.173 0.451 0.047 0.505
"378" 8 0.553 0.907 0.893 0.223 0.067 0.485 0.511 0.963 0.367 0.977 0.639 0.291 0.181 0.659 0.625
"379" 8 0.569 0.695 0.761 0.875 0.825 0.559 0.259 0.987 0.657 0.249 0.993 0.069 0.429 0.467 0.821
"380" 8 0.581 0.365 0.281 0.647 0.011 0.573 0.261 0.885 0.139 0.791 0.173 0.775 0.785 0.941 0.711
"381" 8 0.619 0.181 0.839 0.471 0.181 0.749 0.313 0.357 0.829 0.915 0.031 0.501 0.051 0.635 0.261
"382" 8 0.621 0.163 0.841 0.597 0.203 0.905 0.779 0.955 0.145 0.585 0.569 0.963 0.345 0.279 0.241
"383" 8 0.643 0.991 0.491 0.341 0.999 0.885 0.381 0.083 0.269 0.127 0.225 0.487 0.289 0.507 0.429
"384" 8 0.671 0.489 0.945 0.821 0.679 0.013 0.653 0.837 0.333 0.485 0.075 0.223 0.833 0.537 0.807
"385" 8 0.699 0.893 0.473 0.755 0.783 0.085 0.083 0.533 0.613 0.329 0.417 0.915 0.237 0.913 0.797
"386" 8 0.701 0.135 0.813 0.111 0.495 0.639 0.759 0.805 0.491 0.051 0.841 0.249 0.655 0.757 0.069
"387" 8 0.729 0.293 0.913 0.517 0.959 0.823 0.495 0.681 0.435 0.687 0.321 0.921 0.625 0.019 0.939
"388" 8 0.753 0.211 0.457 0.961 0.245 0.789 0.635 0.437 0.207 0.363 0.361 0.031 0.165 0.827 0.847
"389" 8 0.767 0.519 0.513 0.013 0.097 0.045 0.831 0.847 0.621 0.341 0.101 0.713 0.313 0.715 0.757
"390" 8 0.789 0.149 0.439 0.053 0.125 0.777 0.715 0.303 0.897 0.509 0.477 0.887 0.711 0.167 0.771
"391" 8 0.815 0.321 0.757 0.845 0.963 0.697 0.615 0.609 0.921 0.573 0.687 0.781 0.325 0.965 0.161
"392" 8 0.831 0.113 0.057 0.391 0.107 0.357 0.843 0.873 0.537 0.841 0.555 0.041 0.751 0.545 0.401
"393" 8 0.851 0.855 0.415 0.935 0.699 0.339 0.213 0.177 0.191 0.801 0.711 0.101 0.903 0.379 0.463
"394" 8 0.867 0.451 0.381 0.083 0.939 0.593 0.151 0.629 0.751 0.723 0.181 0.125 0.689 0.619 0.877
"395" 8 0.887 0.429 0.035 0.151 0.343 0.385 0.015 0.329 0.915 0.075 0.315 0.587 0.385 0.691 0.239
"396" 8 0.919 0.837 0.569 0.699 0.459 0.267 0.555 0.475 0.105 0.199 0.899 0.751 0.087 0.199 0.207
"397" 8 0.935 0.645 0.373 0.069 0.513 0.879 0.345 0.797 0.037 0.705 0.599 0.467 0.953 0.221 0.281
"398" 8 0.945 0.303 0.861 0.173 0.239 0.075 0.401 0.263 0.597 0.159 0.743 0.081 0.271 0.303 0.659
"399" 8 0.969 0.541 0.233 0.413 0.581 0.929 0.533 0.205 0.663 0.953 0.871 0.619 0.475 0.939 0.885
"400" 8 0.995 0.575 0.099 0.267 0.563 0.431 0.951 0.403 0.445 0.887 0.261 0.441 0.151 0.023 0.373
"401" 9 0.017 0.315 0.115 0.967 0.471 0.761 0.445 0.905 0.745 0.239 0.151 0.715 0.531 0.483 0.179
"402" 9 0.035 0.745 0.393 0.477 0.961 0.613 0.821 0.541 0.059 0.271 0.741 0.199 0.623 0.149 0.137
"403" 9 0.055 0.619 0.663 0.759 0.369 0.169 0.299 0.207 0.707 0.013 0.295 0.071 0.937 0.459 0.605
"404" 9 0.065 0.007 0.889 0.843 0.399 0.295 0.521 0.589 0.021 0.711 0.135 0.733 0.589 0.721 0.543
"405" 9 0.087 0.925 0.261 0.903 0.951 0.197 0.479 0.455 0.911 0.545 0.735 0.339 0.337 0.793 0.681
"406" 9 0.101 0.865 0.431 0.047 0.635 0.445 0.591 0.937 0.305 0.673 0.473 0.095 0.551 0.697 0.999
"407" 9 0.125 0.537 0.725 0.353 0.457 0.421 0.879 0.305 0.375 0.881 0.977 0.679 0.917 0.917 0.245
"408" 9 0.149 0.261 0.133 0.505 0.579 0.039 0.069 0.511 0.591 0.947 0.563 0.233 0.075 0.265 0.449
"409" 9 0.169 0.967 0.447 0.231 0.659 0.893 0.725 0.741 0.637 0.813 0.191 0.953 0.205 0.365 0.487
"410" 9 0.193 0.431 0.209 0.665 0.349 0.349 0.141 0.159 0.299 0.169 0.663 0.875 0.005 0.889 0.717
"411" 9 0.211 0.895 0.335 0.077 0.309 0.791 0.199 0.051 0.107 0.259 0.431 0.625 0.855 0.533 0.637
"412" 9 0.235 0.647 0.499 0.429 0.043 0.667 0.683 0.689 0.835 0.157 0.897 0.767 0.447 0.005 0.773
"413" 9 0.247 0.621 0.237 0.101 0.611 0.963 0.659 0.375 0.999 0.287 0.773 0.013 0.861 0.589 0.577
"414" 9 0.269 0.051 0.749 0.451 0.517 0.569 0.369 0.973 0.933 0.103 0.455 0.405 0.281 0.777 0.963
"415" 9 0.293 0.369 0.993 0.987 0.295 0.821 0.851 0.521 0.855 0.921 0.643 0.545 0.247 0.747 0.649
"416" 9 0.313 0.853 0.777 0.717 0.557 0.909 0.487 0.833 0.221 0.403 0.813 0.281 0.091 0.957 0.209
"417" 9 0.327 0.347 0.285 0.813 0.877 0.655 0.931 0.245 0.421 0.737 0.069 0.133 0.671 0.853 0.751
"418" 9 0.351 0.137 0.863 0.021 0.815 0.399 0.395 0.715 0.685 0.789 0.119 0.473 0.419 0.935 0.105
"419" 9 0.375 0.241 0.047 0.269 0.005 0.369 0.357 0.635 0.065 0.593 0.705 0.965 0.705 0.347 0.191
"420" 9 0.389 0.481 0.937 0.145 0.249 0.521 0.219 0.017 0.659 0.505 0.301 0.997 0.569 0.237 0.077
"421" 9 0.415 0.819 0.797 0.401 0.163 0.481 0.051 0.349 0.885 0.849 0.553 0.049 0.319 0.647 0.095
"422" 9 0.433 0.073 0.509 0.197 0.907 0.503 0.007 0.269 0.401 0.055 0.165 0.383 0.643 0.177 0.661
"423" 9 0.447 0.183 0.073 0.297 0.841 0.051 0.895 0.793 0.141 0.387 0.245 0.593 0.603 0.251 0.783
"424" 9 0.467 0.579 0.719 0.797 0.087 0.217 0.167 0.883 0.243 0.465 0.015 0.149 0.169 0.329 0.729
"425" 9 0.493 0.215 0.683 0.697 0.681 0.543 0.765 0.163 0.949 0.331 0.095 0.039 0.147 0.563 0.023
"426" 9 0.515 0.027 0.417 0.949 0.219 0.815 0.257 0.125 0.471 0.575 0.265 0.795 0.477 0.085 0.829
"427" 9 0.523 0.945 0.941 0.017 0.487 0.063 0.663 0.383 0.017 0.615 0.409 0.513 0.185 0.661 0.311
"428" 9 0.545 0.717 0.961 0.497 0.271 0.313 0.789 0.295 0.179 0.639 0.235 0.607 0.969 0.125 0.937
"429" 9 0.579 0.737 0.025 0.543 0.025 0.849 0.417 0.471 0.489 0.975 0.395 0.271 0.267 0.717 0.917
"430" 9 0.595 0.785 0.857 0.925 0.663 0.011 0.027 0.103 0.399 0.355 0.835 0.693 0.509 0.309 0.411
"431" 9 0.613 0.835 0.147 0.881 0.331 0.871 0.139 0.413 0.349 0.095 0.611 0.363 0.115 0.067 0.289
"432" 9 0.623 0.151 0.557 0.397 0.525 0.715 0.333 0.185 0.547 0.919 0.987 0.215 0.945 0.051 0.381
"433" 9 0.653 0.327 0.575 0.869 0.065 0.231 0.513 0.997 0.671 0.427 0.791 0.437 0.825 0.983 0.267
"434" 9 0.679 0.283 0.247 0.219 0.749 0.157 0.263 0.035 0.529 0.825 0.507 0.927 0.807 0.819 0.841
"435" 9 0.697 0.919 0.599 0.659 0.779 0.731 0.917 0.325 0.187 0.689 0.939 0.833 0.235 0.625 0.893
"436" 9 0.717 0.387 0.623 0.327 0.111 0.945 0.431 0.765 0.265 0.079 0.021 0.573 0.391 0.967 0.331
"437" 9 0.739 0.407 0.093 0.625 0.737 0.279 0.579 0.817 0.335 0.773 0.499 0.911 0.057 0.879 0.147
"438" 9 0.759 0.999 0.161 0.539 0.413 0.091 0.549 0.859 0.441 0.655 0.867 0.259 0.739 0.103 0.523
"439" 9 0.763 0.773 0.347 0.731 0.921 0.921 0.305 0.727 0.763 0.537 0.347 0.117 0.887 0.515 0.013
"440" 9 0.787 0.117 0.531 0.095 0.141 0.253 0.117 0.869 0.727 0.865 0.325 0.353 0.753 0.397 0.805
"441" 9 0.817 0.595 0.911 0.255 0.595 0.403 0.239 0.957 0.217 0.033 0.631 0.889 0.767 0.299 0.353
"442" 9 0.839 0.477 0.005 0.367 0.425 0.691 0.997 0.565 0.819 0.367 0.203 0.817 0.999 0.549 0.435
"443" 9 0.847 0.443 0.827 0.305 0.895 0.103 0.813 0.619 0.879 0.993 0.583 0.749 0.699 0.219 0.471
"444" 9 0.869 0.225 0.815 0.123 0.997 0.477 0.625 0.225 0.577 0.191 0.919 0.495 0.123 0.409 0.361
"445" 9 0.889 0.677 0.477 0.567 0.829 0.137 0.613 0.483 0.791 0.301 0.045 0.539 0.025 0.187 0.879
"446" 9 0.905 0.091 0.611 0.169 0.121 0.599 0.977 0.063 0.123 0.499 0.373 0.303 0.343 0.435 0.503
"447" 9 0.931 0.691 0.181 0.761 0.199 0.321 0.741 0.081 0.615 0.135 0.699 0.179 0.433 0.837 0.235
"448" 9 0.953 0.165 0.363 0.587 0.715 0.987 0.701 0.665 0.087 0.201 0.941 0.447 0.797 0.609 0.597
"449" 9 0.979 0.513 0.303 0.619 0.785 0.747 0.081 0.659 0.979 0.447 0.857 0.655 0.379 0.475 0.949
"450" 9 0.989 0.559 0.641 0.839 0.229 0.629 0.941 0.427 0.505 0.747 0.531 0.843 0.483 0.033 0.043
"451" 10 0.001 0.295 0.213 0.667 0.637 0.455 0.353 0.445 0.971 0.961 0.833 0.449 0.769 0.529 0.053
"452" 10 0.039 0.389 0.297 0.405 0.093 0.771 0.363 0.683 0.757 0.003 0.547 0.183 0.297 0.767 0.149
"453" 10 0.051 0.607 0.487 0.519 0.483 0.867 0.781 0.069 0.003 0.233 0.481 0.555 0.071 0.701 0.867
"454" 10 0.075 0.217 0.935 0.389 0.875 0.341 0.907 0.423 0.137 0.775 0.307 0.253 0.549 0.267 0.293
"455" 10 0.099 0.427 0.787 0.115 0.275 0.969 0.755 0.787 0.079 0.663 0.759 0.175 0.637 0.877 0.499
"456" 10 0.111 0.547 0.319 0.741 0.137 0.057 0.073 0.603 0.995 0.279 0.187 0.637 0.367 0.307 0.693
"457" 10 0.133 0.337 0.091 0.343 0.377 0.081 0.777 0.395 0.377 0.357 0.515 0.015 0.085 0.215 0.827
"458" 10 0.143 0.593 0.601 0.071 0.235 0.191 0.999 0.815 0.451 0.437 0.671 0.971 0.737 0.383 0.507
"459" 10 0.177 0.357 0.981 0.337 0.113 0.265 0.011 0.139 0.285 0.527 0.597 0.063 0.619 0.479 0.611
"460" 10 0.181 0.449 0.691 0.239 0.989 0.753 0.691 0.171 0.793 0.295 0.357 0.899 0.219 0.035 0.623
"461" 10 0.219 0.859 0.235 0.853 0.313 0.925 0.317 0.985 0.155 0.869 0.463 0.237 0.529 0.421 0.169
"462" 10 0.239 0.679 0.325 0.563 0.209 0.739 0.929 0.193 0.937 0.551 0.975 0.493 0.457 0.893 0.809
"463" 10 0.251 0.735 0.903 0.685 0.759 0.147 0.159 0.855 0.259 0.337 0.617 0.599 0.171 0.105 0.763
"464" 10 0.271 0.947 0.535 0.175 0.167 0.331 0.527 0.307 0.665 0.715 0.323 0.871 0.315 0.953 0.015
"465" 10 0.299 0.069 0.631 0.375 0.007 0.621 0.097 0.761 0.163 0.793 0.761 0.645 0.021 0.495 0.315
"466" 10 0.301 0.709 0.453 0.919 0.799 0.307 0.679 0.241 0.385 0.959 0.521 0.913 0.907 0.597 0.881
"467" 10 0.337 0.471 0.391 0.055 0.957 0.297 0.713 0.639 0.317 0.129 0.881 0.517 0.103 0.991 0.397
"468" 10 0.347 0.167 0.377 0.809 0.603 0.997 0.883 0.561 0.437 0.751 0.229 0.791 0.341 0.811 0.031
"469" 10 0.363 0.905 0.263 0.965 0.739 0.375 0.411 0.711 0.115 0.107 0.651 0.779 0.687 0.799 0.099
"470" 10 0.383 0.875 0.661 0.461 0.929 0.471 0.583 0.469 0.775 0.073 0.263 0.207 0.713 0.975 0.921
"471" 10 0.405 0.103 0.027 0.605 0.571 0.553 0.161 0.661 0.323 0.309 0.931 0.613 0.587 0.859 0.997
"472" 10 0.423 0.083 0.155 0.989 0.291 0.235 0.453 0.517 0.237 0.683 0.369 0.023 0.991 0.453 0.701
"473" 10 0.455 0.319 0.547 0.789 0.185 0.795 0.393 0.839 0.839 0.999 0.685 0.757 0.519 0.281 0.977
"474" 10 0.473 0.823 0.125 0.029 0.477 0.953 0.277 0.497 0.359 0.583 0.909 0.045 0.395 0.129 0.579
"475" 10 0.483 0.887 0.063 0.315 0.661 0.251 0.853 0.209 0.709 0.569 0.873 0.695 0.231 0.099 0.111
"476" 10 0.505 0.055 0.197 0.015 0.533 0.843 0.207 0.757 0.213 0.603 0.017 0.417 0.781 0.559 0.359
"477" 10 0.527 0.505 0.745 0.727 0.027 0.657 0.425 0.977 0.025 0.155 0.297 0.721 0.851 0.253 0.759
"478" 10 0.547 0.811 0.401 0.719 0.385 0.027 0.477 0.943 0.607 0.731 0.413 0.145 0.001 0.933 0.453
"479" 10 0.573 0.765 0.177 0.433 0.335 0.719 0.869 0.105 0.507 0.519 0.103 0.137 0.829 0.165 0.941
"480" 10 0.583 0.527 0.811 0.779 0.541 0.689 0.965 0.733 0.907 0.467 0.859 0.105 0.273 0.145 0.199
"481" 10 0.603 0.141 0.895 0.265 0.885 0.611 0.297 0.535 0.869 0.361 0.795 0.333 0.927 0.191 0.849
"482" 10 0.629 0.699 0.009 0.215 0.979 0.161 0.101 0.377 0.651 0.383 0.385 0.295 0.893 0.333 0.275
"483" 10 0.655 0.015 0.249 0.523 0.353 0.677 0.571 0.559 0.271 0.023 0.259 0.841 0.047 0.079 0.531
"484" 10 0.673 0.659 0.581 0.141 0.813 0.411 0.047 0.913 0.687 0.891 0.943 0.839 0.435 0.733 0.413
"485" 10 0.693 0.781 0.951 0.133 0.509 0.423 0.137 0.019 0.725 0.219 0.047 0.371 0.127 0.363 0.583
"486" 10 0.709 0.129 0.471 0.633 0.765 0.003 0.191 0.049 0.889 0.451 0.801 0.571 0.157 0.693 0.379
"487" 10 0.731 0.039 0.119 0.449 0.071 0.383 0.337 0.289 0.805 0.823 0.159 0.387 0.497 0.059 0.135
"488" 10 0.743 0.989 0.775 0.959 0.045 0.519 0.803 0.347 0.483 0.057 0.217 0.431 0.335 0.743 0.467
"489" 10 0.779 0.223 0.715 0.589 0.583 0.105 0.499 0.927 0.859 0.187 0.441 0.991 0.679 0.839 0.737
"490" 10 0.791 0.569 0.355 0.087 0.649 0.577 0.955 0.887 0.957 0.635 0.035 0.275 0.411 0.623 0.431
"491" 10 0.819 0.979 0.733 0.189 0.247 0.899 0.235 0.417 0.555 0.245 0.717 0.949 0.465 0.223 0.255
"492" 10 0.829 0.267 0.967 0.643 0.831 0.835 0.509 0.239 0.045 0.401 0.093 0.533 0.579 0.915 0.641
"493" 10 0.841 0.491 0.421 0.245 0.437 0.071 0.623 0.025 0.081 0.091 0.439 0.805 0.961 0.359 0.549
"494" 10 0.879 0.361 0.573 0.921 0.849 0.129 0.553 0.871 0.407 0.913 0.633 0.351 0.863 0.665 0.065
"495" 10 0.897 0.751 0.041 0.885 0.451 0.811 0.023 0.327 0.473 0.481 0.133 0.717 0.649 0.657 0.671
"496" 10 0.917 0.931 0.847 0.289 0.685 0.537 0.657 0.597 0.189 0.923 0.733 0.305 0.815 0.571 0.911
"497" 10 0.921 0.189 0.825 0.553 0.151 0.587 0.607 0.093 0.531 0.653 0.985 0.923 0.745 0.615 0.327
"498" 10 0.957 0.411 0.643 0.491 0.901 0.919 0.253 0.153 0.571 0.859 0.567 0.085 0.191 0.503 0.221
"499" 10 0.963 0.631 0.503 0.867 0.717 0.487 0.727 0.655 0.639 0.163 0.167 0.667 0.943 0.009 0.213
"500" 10 0.993 0.253 0.871 0.827 0.407 0.207 0.835 0.279 0.587 0.819 0.079 0.475 0.241 0.407 0.793
